—'104<-÷·

 

 

Men. Mil. Poen.

v. 433 p. 9. v. 1003 p. 12 v. 81 p. 94
,, 60 1040 74 167 23
480 sq. 18 1070 > 88 219 68
605 9 1071 92 > 246 - 19
661 97, 1111 14 253 79
-768 · 14 1113 95 328 14
815 29 1117 78 940 95
878 13 1154 84 404 14
921 31 1208 58 482 85
922 93 1223 49 728 12
990 94 1227 29 757 95
1086 38 1906 79 774 76
ΜΗ. 1409 33 {g} ἐι

v· 9 . 1³- 8¹ Mem 1088 95
19 · ¹2 1304 14

232 39 V. 39 p 89 ¹³29 8⁰
259 101 106 85 ·
285 30 130 . 81 Pers.
292 89 194 98 v. 107 p. 79
297 9ο ³⁷1 97 146 24
907 78 396 84 220 31
314 83 423 84 229 79
921 74 ⁶22 ²¹ 285 30
922 41 630 ⁴2 997 24
329 7 ⁶42 101 ¹ 416 19
948 11 726 42 . 462 30
364 82 751 40 , 484 47
970 60 756 6 j 532 85
378 95 759 7 ’ 667 30
383 98 84⁰ Sq— 64 774 76 -
395 90 919 9

, 398 95 951 ’ 11 le'

406 ¹2 964 18 v. 111 p. 84
427 35 v. 208 p. 32 ,22² ⁶
464 95 244 ·41 1170 ³⁷1⁴ ⁵⁹
489 84 249 31 ⁴2² ⁰⁰
472 23 271 39 453 17
519 12 348 18 ’ 407 ²⁵
558 17 349 84 4⁶⁹ ²⁵
574 27 394 23 1 ⁵²⁰ ⁶¹
636 84 396 41 ⁴ 8⁷¹ ¹⁷
898 23 619 15 ξ 847 4¹
760 11 631 28 ὲ ⁹⁸² 19
825 33 873 14 ¹⁰⁷⁵ ⁹⁹
881 89 879 22 ¹¹⁵2 7
907 28 1050 42 ¹2³4 41
917 88 1130 26 ³ ¹³8⁶ “ 17
965 101 1177 47 Stich.

r 984 31 , 1249 11 v. 30 p. 94

1 986 sq. 11 1255 85 64 9⁷

 

