V.

Stich.

73

264 ¹

317
322
372
,633
732
759
769

· Trin.

61
96
198

· 366

454
490
535
536
563
567
574
706
714
912
969
975
977
982
985
1049
1165
1166

True-

28
150
151
166
189
259
355
602
604
746
808
820
844
885
873
912
917
926
929

sq.

p. 63
23
27
14
15
25
96
37
79

p. 17
50
23
11

7

6
11
29
16
16
98
11
22
50
39
27
46
39
46
22
41
76

p. 68

25

7

48
95

. 96
14

14,

19
31
93
93
17
72
84
33
80
89
43

 

-V-

V.

V·

V.

 

ι

V.

V.

V.

- '105²-

Truc.

948 p 89
955 “ 6

Terentii:
Adel.

98 p. 78
214 19
234 20
394 36
742 55
852 31
957 9
961 32

Andr.

82 p. 16
202 15
285 6
360 11
496 22
621 21
702 54
724 24
749 7
Eun.

178 p. 99
273 55
268 91
286 28
361 91
496 55
559 7
651 39
696 23
1063 65
Haut.

219 p. 100
580 30
815 21
823 38
848 54
Heo.

392 p 26
564 9
825 16
Phorm.

48 p. 65
179 54
249 97
295 8
324 32
496 8

 

 

“ Phorm.
v. 550
798
Caecil.
v. 9
23

34
Afran.
v. 215
211
363

Dee. Lab.

v. 28
Ennii ε

v. 128
Νονὶί :

48

Sext. Turp.

v. 209

Ciceron.

ad Att.
Ν, 86,
V11, 17,
lx, 9,
’-1 21,
x, 4,
x11, 8,
’ν 30,
XIII, 41,
—‚ 48,
XV, 43,
-9 16,
xw, 28,

μοιοιμιθωωωωιμιβω

ad fam.

vm, 4,
—7 4,
*v 5,
lx, 11,
x, 6,
xu, 23,
'“u 3⁰9

XIII, 19

, xlv, 14}

ὶ-*υρΙ-*ωῑθωυὶῥ

1

p.

24
15

28
,33

19
40

63
17

34
20

94
26

40
41
30

41

,63

97

98
96
99
83
91
62
92
62
70

,97

63
97
62
100
100
99

μ94

24

